Precision = 0.8710691823899371 (831/954)
Recall = 0.9162072767364939 (831/907)
